0.02
-1.07
-0.89
-0.57
-1.66
0.37
0.2
-1.29
-0.32
-0.44
-0.07
0.09
0.95
0.06
1.17
0.24
0.95
1.12
-0.18
-0.46
0.53
0.53
-0.62
-0.46
-2.37
-0.67
-2.44
-1.51
-2.33
-1.81
-3.08
-2.95
-3.21
-2.35
-1.71
-1.03
-0.38
-0.36
0.1
-1.06
1.22
0.5
1.23
1.34
1.14
1.4
0.64
0.65
0.38
-0.77
-0.83
-2.09
-1.03
-1.18
-2.34
-2.62
-2.35
-2.61
-0.9
-1.47
-0.97
-1.85
0.11
-1.17
-1.49
-1.58
-2.91
-1.11
-1.15
-0.65
0.06
-0.34
0.89
0.81
2.41
-0.12
0.98
0.25
-0.17
0.99
-0.66
-1.22
-1.96
-0.57
0.06
-1.54
0.62
1.3
2.4
1.24
2.25
1.78
2.65
0.76
1.2
2.3
2.4
1.41
2.01
1.88
3.37
2.54
2.9
4.25
2.26
1.85
2.15
0.36
0.61
1.34
-0.04
0.17
-0.92
-1.68
-2.26
-1.42
-2.45
-2.01
-1.18
0.01
0.56
0.96
0.21
-1.25
0.45
-1.04
-0.41
-1.2
-0.62
-0.37
-1.35
-1.43
-1.03
-1.24
-0.72
0.11
-0.47
1.4
0.75
2.69
2.13
0.58
1.04
-1.04
1.69
-0.02
-0.84
0.21
0.62
-0.15
1.32
0.49
2.59
0.37
1.68
0.64
2.77
0.5
0.22
0.95
2.48
3.12
1.95
3.9
3.11
3.66
2.61
3.69
2.03
1.8
0.86
1.91
2.21
2.38
3.29
2.28
2.26
0.75
-1.1
0.02
1.15
0.51
2.12
0.04
0.13
0.93
-0.05
1.34
0.85
0.6
-0.89
0.7
-0.19
-1.44
-0.6
-0.02
-0.55
1.33
1.38
0.81
-0.53
1.79
0.14
1.86
1.71
0.38
1.45
2.32
1.38
2.49
0.97
-0.24
1.21
0.16
0.05
-1.48
-1.44
-0.54
-0.12
-0.75
-0.24
-0.57
-0.72
-1.11
-1.28
-0.74
-1.82
-1.88
-1.28
-2.24
-1.22
-0.64
0.12
-0.74
-0.44
-2.6
-2.92
-2.43
-2
-0.84
-1.66
-2.27
-1.66
-1.19
-2.64
-1.69
-2.44
-1.37
-2.12
-3.08
-2.23
-0.72
-1.69
-1.38
-1.7
-0.02
-0.64
-1.8
-2.97
-3.01
-3.59
-2.2
-2.7
-1.94
-0.45
-0.2
-1.43
-0.26
-0.93
-1.99
-2.1
-1.19
-0.17
-1.34
-1.05
-1.66
-2.01
-1.09
-2.09
-1.38
-2.01
-0.89
-1.5
-2.34
-2.13
-2.03
-1.62
-0.38
-0.75
0.66
-0.19
1.22
1.11
3.16
1.03
1.13
2.21
3.04
1.75
2.45
1.91
2.64
2.38
2.02
1.52
2.3
1.32
1.59
1.08
1.35
0.95
0.59
1.25
-0.66
-1.67
-2.34
-2.68
-3.03
-1.33
-3.45
-2.18
-3.24
-2.22
-2.84
-1.78
-2.23
-0.29
-0.39
0.59
-0.65
0.48
-1.55
-0.81
-2.13
-1.84
-2.91
-3.17
-1.9
-2.81
-3.53
-1.99
-1.03
-0.52
-2.11
-0.37
-0.57
0.15
-0.57
2.33
1.77
0.92
1.55
0.32
0.88
0.58
0.9
2.14
1.14
-0.48
1.75
0.58
1.26
1.48
3.82
2.34
2.51
2.01
1.96
1.67
1.34
0.91
0.51
1.19
0.58
1.17
0.26
-0.7
-1.68
-0.83
0.27
0.67
0.08
1.13
0.36
-1
-0.54
-0.86
-1.94
-1.43
-2.09
-1.9
-2.38
-1.11
-0.06
0.28
1.37
0.4
1.1
0.17
1.65
-0.41
0
-0.28
0.74
-0.56
0.02
0.12
-0.81
1.23
1.06
1.43
0.91
1.2
0.07
0.61
-1.15
-0.5
-0.42
-0.9
0.17
0.15
0.29
-0.77
-1.63
-0.87
-1.51
-0.36
-1.39
-2.16
-0.73
-2.56
-1.21
-0.75
-0.09
-2.51
-1.72
-1.64
-2.75
-2.04
-3.23
-1.82
-2.45
-1.47
-2.5
0.01
-3.53
-2.45
-2.66
-3.8
-3
-4.31
-4.44
-3.34
-2.75
-3.11
-1.6
-2.5
-0.5
-2.18
-1.06
-1.91
-0.78
-1.43
-0.9
-0.12
-0.04
1.34
-1.23
-0.73
0.27
0.76
1.62
1.49
1.02
-0.18
0.6
1.79
-0.5
0.65
-0.83
1.48
1.59
1.59
1.04
1.6
2.12
0.68
1.66
2.08
4.02
1.86
2.36
3.15
3.8
3.64
2.23
2.68
3.1
3.99
3.79
