2.12
2.21
0.26
0.04
0.27
2.12
0.42
1.73
0.22
0.12
1.89
0.72
1.73
0.26
1.99
0.28
0.87
0.33
5.65
0.18
1.6 
3.13
0.96
0.73
0.74
1.52
0.18
0.85
1.49
0.31
1.01
1.51
1.79
2.3 
0.02
0.06
1.44
0.08
0.14
1.14
0.01
0.15
1.5 
0.14
0.69
3.45
1.05
0.47
0.06
0.16
0.13
1.15    
0.04
1.89
0.34
0.08
0.24
2.64
0.95
0.14
    
    
    
    
    
    
    
    
    
    
    
    
    
    
    
    
    
    
    
    
    
    
    
    
    
    
    
    
    
    
    
    
    
    
    
    
    
    
    
    
    
    
    
    