65 61 72 84 81 79
77 77 76 64 70 55
67 63 49 65 67 57
80 69 75 74 74 63
74 70 80 84 81 74
78 84 75 62 71 64
66 71 67 52 65 57
77 71 57 72 86 71
83 100 79 41 67 50
86 94 97 51 63 55
74 80 88 64 73 66
67 84 53 58 66 56
81 62 69 56 66 52
71 64 94 52 61 52
78 96 81 80 89 76
69 56 67 75 94 80
77 90 80 68 66 60
84 67 75 60 70 63
62 67 83 71 85 77
74 65 75 72 90 73
91 74 97 62 71 66
72 87 72 79 83 76
82 70 83 68 77 85
63 70 60 91 85 82
74 79 95 59 74 59
66 61 77 62 73 64
90 82 98 47 71 60
77 90 85 68 73 76
91 82 84 54 62 60
78 84 100 51 60 60
90 78 78 59 72 66
80 100 83 53 73 70
58 51 67 79 91 85
72 89 88 77 80 83
64 55 50 68 68 65
77 89 80 73 75 70
72 68 77 83 92 79
72 67 61 92 92 88
73 72 70 88 86 79
77 81 62 85 90 87
61 65 81 98 94 95
79 95 83 89 89 79
81 90 79 73 85 80
85 77 75 52 73 59
68 85 70 84 89 86
85 91 95 63 76 66
91 85 100 70 65 76
74 74 84 61 80 69
88 100 85 49 71 66
63 82 66 89 78 80
87 84 100 74 81 76
81 98 84 57 65 69
64 79 64 72 76 74
60 51 60 78 74 76
75 84 76 65 76 73
59 75 81 82 77 73
64 59 56 71 79 67
64 61 49 100 99 95
56 48 61 85 82 80
62 45 67 78 76 82
86 78 92 87 87 77
66 72 79 81 87 66
61 66 48 98 100 96
80 98 83 58 66 66
67 76 66 86 74 79
74 89 68 59 73 73
75 87 66 69 70 71
83 71 81 63 77 73
67 83 65 68 74 60
85 98 81 61 69 66
80 81 77 60 67 67
71 58 45 83 77 73
75 84 97 64 68 65
84 89 81 72 74 64
90 83 91 58 60 59
73 80 64 75 80 78
87 98 87 68 78 64
69 72 79 89 82 73
72 89 69 70 80 73
84 100 73 47 50 59
79 73 69 65 73 73
68 85 76 83 93 84
87 86 88 70 73 70
85 73 68 55 73 71
76 61 73 63 60 70
99 100 99 53 63 60
78 68 52 75 74 66
72 90 73 76 80 79
90 97 76 63 58 65
69 64 60 68 74 80
68 52 70 69 65 78
62 49 61 86 86 81
66 47 51 94 96 95
100 100 100 59 73 67
78 79 62 79 87 80
52 62 65 100 96 100
70 72 56 74 82 74
74 73 66 71 88 84
72 74 75 88 91 86
68 74 70 87 87 83