126951.4
62891.6
47496.4
105104.8
52031.7
54694.7
128689.7
56022.3
52811.9
119879.9
68420.4
53045.9
191746
67482
68025
160100
71109
69364
144399
66648
86415
159063
105608
101128
283299
109177
110739
198099
113530
113393
215315
114534
98414
201717
119758
142634
329702
135302
133233
232864
145687
143885
261371
134905
130150
241401
135325
137067
338637
161360
159963
312822
147656
171647
248780
144201
162303
310237
164847
190783
380925
204121
175465
392205
178223
191269
305148
185122
211626
359317
196881
194698
444441
295627
258663
496425
234191
246080
385735
251799
254732
441095
262764
318384
593024
331408
322930
570125
304991
307188
461140
312123
328265
592986
320786
338018
743029
426432
380623
689903
335556
336892
513189
364401
390934
659058
374809
442956
844859
521978
551608
842535
450261
440440
687696
472377
493349
828433
541339
499748
1155584
550603
579015
1000075
527809
544646
829046
